7.0	1.8784529124511202
3.0	1.888220159651933
1.0	1.4380997917145741
1.0	1.5975869235785503
1.0	2.840049899319501
4.0	2.7082900277862727
6.0	4.247401063740803
0.0	-1.4937334711284844
1.0	4.722842218354689
3.0	2.3330705223206003
3.0	4.848971901252504
4.0	3.2695444460471386
1.0	2.15654202832663
1.0	1.62067872996694
4.0	2.7331952047040318
6.0	3.7181415789333556
1.0	1.6955522706489923
1.0	4.119438952943046
4.0	2.272808672791232
2.0	2.4268157182501895
2.0	3.4501128282416254
1.0	2.335703565480042
2.0	2.2072448301356395
6.0	3.061070746913721
1.0	2.226613650011158
1.0	1.8781115638973844
2.0	1.6789329733094895
2.0	2.595805440242593
3.0	2.7103487728246947
3.0	4.066276591176006
5.0	2.8317862646103666
2.0	2.6874257718521743
4.0	3.2545091372386175
1.0	2.8737266962378634
1.0	2.3264468998765473
3.0	3.3527558932042254
1.0	1.4536924260719406
5.0	3.720071365716411
0.0	-0.45765166323402806
2.0	2.928733106649659
4.0	3.4497692659196986
0.0	1.7500424230706635
5.0	4.390319302631518
5.0	3.184205858337247
4.0	3.66783516507882
5.0	2.2742682927412403
1.0	3.1740868132273725
1.0	2.6386927688130033
3.0	1.551487456667477
3.0	3.643103300706734
2.0	3.1171424348471604
2.0	3.6276764334926987
5.0	2.7460682970058663
1.0	3.2488699864360626
4.0	2.7978801302055274
1.0	1.8512244596024168
4.0	3.9505810106904686
3.0	3.2295198377775307
2.0	4.5839944842424565
5.0	2.2775163806607956
1.0	2.877693015269376
1.0	3.4258188643489973
0.0	0.6800696727043841
5.0	3.0453795762749394
4.0	2.9509147514061436
1.0	3.152276610397191
1.0	4.059516478933922
5.0	3.0535940620623556
2.0	2.181340918031463
3.0	3.028919349709099
2.0	2.134420711365035
1.0	2.4479721470419697
3.0	3.6785355176822385
4.0	1.1718612994761912
3.0	1.8163364210845394
3.0	3.4879177686578267
2.0	3.55788083145762
4.0	3.9456032122410925
2.0	3.6348485566449895
5.0	2.5297439192680895
3.0	3.1235078745935327
2.0	1.7940223640153121
3.0	3.0705433524010175
3.0	2.6370574480419826
2.0	1.9662599960469294
2.0	1.6025366232649425
1.0	3.2778974400795953
6.0	3.6484604692442986
1.0	3.7869779098451133
8.0	4.172978710811645
1.0	2.277392780368558
7.0	1.2658187109123435
7.0	4.819969146996183
1.0	1.8938757654227576
3.0	3.4392789382640814
3.0	2.246861257260049
2.0	2.3653445598527902
4.0	3.8388001559998663
2.0	2.756233910710927
0.0	0.022117832083555444
2.0	2.947058732893124
2.0	0.7697525416225018
2.0	2.199255811188131
5.0	3.8361618153158616
4.0	3.8045681459378535
3.0	2.575161312625596
1.0	1.1127115484374812
1.0	1.799586829777592
4.0	2.1016959943776357
2.0	2.8105334722098263
2.0	3.3177229233453964
5.0	3.556651476140587
5.0	3.1370009553929954
1.0	2.611792641773034
2.0	1.6678895587866904
2.0	2.458518572573361
3.0	3.2842878600190524
3.0	2.0686616447777713
6.0	2.779237747341334
1.0	1.7584458585854428
1.0	3.5122835813468427
2.0	1.374481330586807
5.0	2.429644143157187
1.0	2.419807617121947
2.0	3.333230280673792
1.0	4.171831695074285
6.0	3.536646780915145
6.0	3.097101729487523
2.0	3.5531798103917964
2.0	3.8231304109586315
1.0	2.567976941735502
5.0	3.716080913927186
2.0	2.916958163216533
2.0	2.1220568487279614
5.0	2.3661332956294636
5.0	1.9358911629160218
2.0	1.2250974052061672
1.0	1.4614296978929104
3.0	3.5879424572134653
1.0	3.7430602835839686
3.0	2.611218747263276
1.0	2.0415395502120006
1.0	2.6261432122425745
1.0	2.1868654843180018
2.0	2.2901599363985756
5.0	3.497789591028191
1.0	2.6029496941953685
5.0	2.049025262862468
2.0	2.318454661308552
5.0	3.477364125706899
0.0	-0.7853044377231885
1.0	2.1443998975708745
2.0	1.939348815172206
1.0	2.4286615314278883
1.0	3.1265193144210457
3.0	4.270174554255071
2.0	2.4019068355621442
2.0	1.6855260197621718
2.0	2.8199806615762775
3.0	3.308573408411931
3.0	2.9780588373648875
1.0	2.2519615327429676
5.0	3.038686788858171
2.0	2.677676335667531
4.0	2.45028823053725
4.0	3.4057820349236554
2.0	1.7363183216483797
2.0	3.3739045498227718
3.0	2.230068904537532
3.0	3.496766440380359
6.0	3.079585575353658
3.0	2.939605318379801
1.0	1.3421923149665957
3.0	1.6945750492664224
5.0	1.2363507313337347
1.0	2.6012710220910904
4.0	3.759754137321103
7.0	1.8786918106009054
3.0	1.5807659968600838
2.0	4.223105475100446
2.0	2.05127578942626
2.0	2.7116361243119673
4.0	3.0903944112564368
1.0	2.9254518414357733
1.0	2.51136227111731
3.0	2.4613623623919807
3.0	1.9986273496947593
5.0	3.434675654862362
5.0	3.6155909194063156
2.0	3.0479736316542994
1.0	3.090311207042266
1.0	1.480861818825117
1.0	4.559866230408662
1.0	1.7559220179135977
2.0	2.6796032850728686
2.0	1.754659303137629
5.0	2.9135373069904453
2.0	1.412429065222561
7.0	2.7131639491766997
6.0	4.221441906515825
3.0	3.223120046351813
3.0	1.9483349744882688
1.0	2.1292967582831963
3.0	3.1635191716484528
3.0	2.09442659315018
3.0	3.347106961872612
2.0	1.995457888925511
1.0	3.1928845739521634
0.0	0.22858958928324913
1.0	1.8420291835245024
4.0	2.519414416757101
1.0	2.9322768746762264
1.0	1.9134095303456196
5.0	2.083028304246053
1.0	2.6755312604160224
1.0	4.0171820879981155
1.0	2.5093982151836656
2.0	1.3662545585335621
1.0	1.2437844442696644
0.0	1.125403199202207
1.0	3.0598253134029125
4.0	1.8666579284455684
4.0	4.207297431878401
0.0	1.6831187247169126
0.0	1.252142359270671
1.0	1.1825135046129134
8.0	4.981084967843884
6.0	2.9780439501085354
3.0	2.3635911765974598
2.0	3.3561704018784475
1.0	2.689845435539951
3.0	3.424778553612427
1.0	1.4150112568855775
3.0	2.965137995588627
2.0	1.7892041161957692
3.0	2.9145001410445452
6.0	4.114956337677651
7.0	2.6701039535595257
1.0	2.1885848997667647
3.0	2.564982107034636
6.0	3.08470922026759
9.0	2.711581825626741
3.0	2.3935189436260753
2.0	3.3423174598223646
3.0	4.039644974748253
3.0	2.5533587201788057
1.0	1.020065910638202
2.0	2.691343004073122
1.0	2.4877070465959257
1.0	2.1622510766519802
5.0	2.9111181338039955
2.0	2.4248645045506407
3.0	3.2364865684158595
0.0	-0.012745348065038908
7.0	3.5957025570270957
0.0	0.5121788012359686
1.0	3.1510323331669596
1.0	1.9420902809782685
1.0	0.8584312440490399
4.0	3.3176695045884372
5.0	4.401221073974053
0.0	1.6027879419690976
0.0	1.1612716190556398
9.0	4.714840222824575
1.0	3.562378187272273
4.0	2.8883068493190596
1.0	1.3629750946666697
8.0	3.800225122954469
1.0	3.7683170013765945
4.0	0.7725342950372659
4.0	4.761305284677565
5.0	1.6173892560153718
5.0	2.002557324625636
2.0	3.460983228904073
1.0	4.383880944823655
2.0	4.108220707548821
2.0	2.9221760722276393
4.0	2.8117822253904876
6.0	3.5316529269829147
2.0	1.9248715142961572
2.0	3.49423614980126
2.0	3.291769333013068
6.0	2.916043009968707
6.0	4.068385865217879
1.0	2.589902084803146
2.0	2.565854741625401
2.0	3.016221677891995
3.0	2.230463366882711
5.0	2.8653728901752165
4.0	1.675603447035332
4.0	2.8604619051985374
1.0	1.7364357428552388
1.0	3.6062992296060834
0.0	-1.465674926447818
4.0	2.125007837418771
3.0	1.1727306802265183
4.0	3.593369873952568
1.0	3.1553885084658315
3.0	2.958688246586192
1.0	1.7285617996670268
4.0	3.4044973565246472
2.0	2.3126929186799163
1.0	2.5967290234339835
1.0	2.736476174005144
1.0	1.8401333184989497
1.0	2.2250950770554923
3.0	3.3022107414089064
5.0	2.219530172514798
3.0	3.406186229179095
3.0	3.667527306782876
3.0	2.3908187127303453
3.0	2.183122692974237
2.0	2.6968783493832547
5.0	3.8605233059586297
3.0	3.377886443245867
7.0	2.2810887669283026
3.0	3.5884944656329774
4.0	3.2822969566402307
1.0	3.014873672476103
1.0	2.6015434053792656
3.0	1.9047601495973332
1.0	2.516705612798823
4.0	1.8656399953935523
3.0	2.7677202664075367
2.0	1.9398078901206048
5.0	3.941333060145947
2.0	3.314356041762835
5.0	3.1492134955318214
2.0	1.3381989838525463
1.0	2.2366937651064625
5.0	3.1210151783700155
3.0	2.1796049542731133
4.0	2.9010311951002716
6.0	4.913645552790765
1.0	3.1931724496153002
3.0	4.746251217097733
1.0	2.4530884736154768
4.0	4.065337003852829
4.0	3.072406905370965
2.0	3.181846197064745
3.0	3.197369840903958
1.0	2.236720199530911
1.0	3.3367043736222506
4.0	4.255394490720642
4.0	3.334067635634419
2.0	2.6763146541968332
2.0	3.0614271087659297
3.0	2.6723736180095052
0.0	0.05764274353436594
6.0	4.690382240197533
2.0	2.740147791131637
4.0	1.934969132716482
1.0	2.007189979311896
1.0	1.6163372167357135
2.0	2.234243830105658
3.0	3.8153710283616142
3.0	1.9427860905220022
1.0	2.0405320187289107
1.0	3.298527644645535
4.0	4.28702290404676
1.0	2.567625599332816
2.0	2.559041816800761
3.0	3.281159002056258
5.0	2.915782751669493
4.0	2.2001980659202296
12.0	3.745982385623087
1.0	2.2628497174773177
4.0	3.610814285086523
3.0	2.9413248252296746
6.0	3.1876775240860473
2.0	2.0997980291432405
1.0	2.6715633525681053
2.0	1.659586948574983
2.0	4.181939719012902
1.0	1.3888955066113482
1.0	1.8608481706829316
0.0	1.0185893546537947
1.0	2.266985424589201
0.0	-0.1806455393915095
4.0	3.609210820329448
2.0	2.7606302337843456
1.0	1.248178770461747
7.0	1.86902672631145
3.0	2.4466450907986594
4.0	1.9538076654934216
0.0	-0.3898491094826949
2.0	3.3658638091780944
0.0	0.5510747360361136
2.0	3.2509637550980646
8.0	3.757482219181849
3.0	2.6890244942228048
2.0	2.3727279117723654
2.0	2.0846186595762113
5.0	2.7569822253343954
2.0	3.467890620481974
2.0	3.5102882646204687
3.0	3.6253733052693846
1.0	1.6649884496208749
10.0	3.813029635143863
1.0	1.7837178112079393
1.0	3.6217943316393004
4.0	2.8018318861808886
2.0	3.7407250982800413
3.0	2.081851251246402
1.0	3.0828798235154764
2.0	0.8401121313208256
4.0	4.13878680371851
2.0	3.328743210036606
3.0	1.5268108241598926
1.0	1.5415858229242563
4.0	3.8849358424434843
5.0	3.332222694551664
2.0	1.2231273018690274
2.0	2.7821617507412686
6.0	3.984196585946341
3.0	2.0887895341096545
2.0	2.16551525260593
1.0	4.092827113504118
8.0	2.945906407999548
4.0	2.923518501703544
2.0	3.2316827948626
2.0	1.9368564342934445
1.0	2.0462919656405703
1.0	3.3784975263847663
5.0	3.3624078540210913
1.0	3.6401907184168785
3.0	2.6598416804434564
5.0	3.0288156324979845
2.0	1.7734591164184046
1.0	2.8503401295628166
3.0	2.7424140432985524
4.0	1.2271359426969788
3.0	3.2576026457711045
1.0	3.4600077064391606
3.0	4.208284798742209
1.0	0.46421418984760254
2.0	2.4969297817508718
6.0	4.513589955827911
1.0	2.1685607818321238
1.0	2.3969621017128944
2.0	2.8487454246428534
1.0	4.075831774391176
1.0	0.8085843752435141
3.0	1.71231483936171
2.0	1.3239578111787829
4.0	2.3689932180590043
2.0	4.4967511977082815
4.0	2.8732039555656783
5.0	2.3695636422171305
2.0	2.8286256043889857
4.0	3.492007749518894
5.0	1.8489257312997562
2.0	1.82096052770218
5.0	2.7235581826159567
3.0	1.2179699444663914
4.0	3.0380068033142145
1.0	1.009237673282417
2.0	2.0059741661992447
4.0	2.9123511337266486
1.0	4.726760836796114
3.0	3.7965923044330054
1.0	1.07909317843367
0.0	1.1845465509859192
3.0	3.7373448199022583
3.0	3.3620606804129274
2.0	3.5377377932871212
3.0	3.4504869206019286
1.0	3.0279658570930863
4.0	3.1980077067602153
1.0	3.016353749250502
1.0	3.436492659107458
1.0	1.9650013689286752
4.0	3.749547061789208
3.0	2.6002402461729286
2.0	1.340810163410687
1.0	0.6318683994479847
2.0	2.6199341663360087
5.0	2.3231352613236993
3.0	2.0656756037015214
0.0	-1.5093970481847094
1.0	4.193702717804612
6.0	5.237501974225118
2.0	3.236319467868519
1.0	1.7184670352590423
2.0	2.011655823884677
3.0	5.173538222747435
2.0	2.694590402435061
2.0	1.9029101676592575
1.0	2.5255159803811935
6.0	2.2573508547555488
1.0	2.4818841279912824
1.0	1.777119308837456
1.0	3.0335201978616517
2.0	2.734070806056536
8.0	3.974196454445547
2.0	4.125706602310956
2.0	3.2849887813891847
1.0	3.136578548090725
3.0	2.7239051153628324
1.0	1.21672679953718
1.0	0.9088169758365118
6.0	3.534642902955948
2.0	3.1737520564802573
0.0	0.21430774280915432
1.0	3.622265430853428
1.0	2.1602552096675716
0.0	-0.9511564872839068
2.0	3.9975115395085723
1.0	3.2753617641035433
6.0	4.390230401044606
4.0	2.04868330186493
6.0	2.406120695294515
5.0	3.5693431272856238
3.0	1.967688995047947
1.0	2.37687004385109
1.0	1.4557226332131084
2.0	1.759521621029272
1.0	2.6449174384049137
4.0	2.8070581568359216
4.0	3.0871618064555726
4.0	3.4108357977199795
1.0	1.7863237396631773
5.0	2.141584720018681
3.0	2.3244150824413747
2.0	2.377657118383283
3.0	3.656097802279028
2.0	4.267320570922568
5.0	2.653649444526554
3.0	1.8678175290972803
3.0	2.22773016399848
1.0	2.948853757276087
3.0	1.5626303056840491
2.0	2.3719012175822503
2.0	2.1272440603187466
1.0	1.441223198421273
2.0	3.3770379704779963
2.0	1.6730545075909538
1.0	1.3234763198297657
3.0	1.6955093364603115
1.0	3.0300333322473954
2.0	3.6057003696424523
1.0	3.6841036942802
2.0	2.7319188302108444
4.0	4.734100869340935
2.0	2.6412985563001357
4.0	2.9161573235226825
6.0	3.8090690914880696
1.0	1.6538554044631475
1.0	2.8435005137333853
1.0	2.512796747521662
5.0	4.782629813696328
5.0	3.148213460488936
1.0	2.339368416229238
3.0	4.12585958563286
3.0	3.6661974365799246
1.0	2.4502021452132894
1.0	3.7151715262730214
1.0	2.0578726752765846
2.0	2.5930328308949484
0.0	0.08821032761750203
4.0	2.6462173461469902
1.0	2.9264210288804193
0.0	-0.03243393512846293
2.0	2.8558054475064214
2.0	2.691201338832304
1.0	1.2954660375820737
3.0	3.917359074431417
2.0	3.3718920018323075
0.0	0.35758977453349405
3.0	1.5873757611281398
1.0	3.0898177124678945
2.0	3.9043292344053793
1.0	0.6664041786312004
1.0	3.2589977854428867
4.0	2.3255022573650486
2.0	3.3884645316747424
1.0	2.0246582867550007
2.0	3.4711352166406115
1.0	1.4712979170818983
5.0	2.8809988406258924
2.0	1.2335296952921357
1.0	1.9623669876473748
7.0	2.6283695243729177
1.0	2.997744010198432
3.0	2.6564822388664817
3.0	3.0204179174414865
5.0	4.3341759885434925
1.0	3.4078499262697175
6.0	2.561905963596619
4.0	2.336962977654089
6.0	2.536504752643431
2.0	2.8198410871239243
5.0	2.839765077762312
